# Created by Octave 4.4.1, Sat Dec 29 16:34:48 2018 -04 <blitz@blitz-pc>
# name: x
# type: matrix
# rows: 1
# columns: 171
 21 22 23 23 24 27 28 29 29 32 32 36 39 39 43 43 45 46 46 49 50 52 53 54 56 58 59 59 60 61 61 63 64 64 64 64 64 65 66 68 69 69 69 70 72 73 73 73 74 74 74 74 75 75 75 76 76 76 77 78 79 79 80 80 81 81 84 92 94 107 109 115 122 124 129 134 136 141 142 149 155 158 163 166 171 171 178 184 184 190 191 195 200 211 211 221 226 229 238 239 249 249 256 258 265 273 275 283 286 295 301 302 311 314 317 320 322 325 327 335 338 344 345 347 347 351 352 355 355 357 361 363 365 366 367 368 368 369 369 370 371 372 372 372 373 374 374 374 376 377 381 382 385 386 387 391 392 393 393 398 399 402 402 403 403 404 406 409 413 417 420


# name: y
# type: matrix
# rows: 1
# columns: 171
 247 256 263 232 270 275 223 216 206 282 198 288 292 194 297 190 305 313 186 322 177 170 332 162 156 340 152 54 138 131 70 151 348 163 141 125 43 156 78 119 355 166 140 106 101 135 118 98 393 387 359 110 164 92 37 366 158 113 116 398 380 151 370 143 376 135 402 36 407 37 406 41 409 44 413 46 418 424 46 430 49 437 52 443 448 54 451 457 56 459 60 464 59 474 63 70 477 71 464 69 453 71 450 73 453 451 78 449 79 439 81 431 422 83 412 402 395 85 386 377 90 365 355 350 93 347 88 340 86 334 328 84 320 312 294 94 88 269 258 98 291 241 229 223 214 285 274 92 205 83 192 73 171 161 61 149 51 140 48 37 128 30 10 117 20 0 103 86 79 73 67


