# Created by Octave 4.4.1, Sat Dec 29 16:30:51 2018 -04 <blitz@blitz-pc>
# name: lol
# type: range
# base, limit, increment
1 10 1


